0       7.76667E-05     5.00E-02        7.00E-06
-20     -4.87E-05       5.00E-02        2.20E-05
-40     -5.53E-05       5.00E-02        2.00E-06
-60     -7.03E-05       5.00E-02        6.00E-06
-80     -8.87E-05       5.00E-02        3.00E-06
-100    -1.14E-04       5.00E-02        1.30E-05
-120    -1.32E-04       5.00E-02        7.00E-06
-140    -1.38E-04       5.00E-02        3.00E-05
-160    -0.000233       5.00E-02        6.80E-05
-180    -0.000274667    5.00E-02        4.40E-05
-185    -0.000303667    5.00E-02        2.30E-05
-190    -0.000348667    5.00E-02        7.00E-06
-192    -0.00039        5.00E-02        3.10E-05
-194    -0.000423       5.00E-02        3.40E-05
-196    -0.000464       5.00E-02        6.40E-05
-198    -0.000528       5.00E-02        7.40E-05
-200    -0.000628667    5.00E-02        8.40E-05
-202    -0.000723333    5.00E-02        2.40E-05
-204    -0.000861       5.00E-02        2.20E-05
-206    -0.001069       5.00E-02        8.70E-05
-208    -0.001364667    5.00E-02        4.70E-05
-210    -0.001809       5.00E-02        4.70E-05
-212    -0.0024         5.00E-02        3.40E-05
-214    -0.003189333    5.00E-02        2.00E-05
-216    -0.004389333    5.00E-02        1.30E-04


