0       7.13E-05        5.00E-02        1.60E-05
-20     -1.61E-04       5.00E-02        4.00E-06
-40     -2.27E-04       5.00E-02        1.60E-05
-60     -2.82E-04       5.00E-02        3.00E-05
-80     -3.36E-04       5.00E-02        4.00E-06
-100    -4.13E-04       5.00E-02        1.70E-05
-120    -5.16E-04       5.00E-02        3.10E-05
-140    -6.18E-04       5.00E-02        8.90E-05
-160    -8.54E-04       5.00E-02        2.10E-05
-180    -1.28E-03       5.00E-02        8.50E-05
-185    -1.48E-03       5.00E-02        7.30E-05
-190    -2.00E-03       5.00E-02        9.40E-05
-192    -2.35E-03       5.00E-02        7.60E-05
-194    -2.92E-03       5.00E-02        8.60E-05
-196    -3.75E-03       5.00E-02        1.83E-04
-198    -5.05E-03       5.00E-02        1.12E-04
-200    -7.14E-03       5.00E-02        2.87E-04
-202    -1.03E-02       5.00E-02        2.95E-04
-204    -1.49E-02       5.00E-02        7.05E-04
-206    -2.04E-02       5.00E-02        5.81E-04
-208    -2.73E-02       5.00E-02        4.03E-04
-210    -3.65E-02       5.00E-02        8.33E-04

