Diode37
CV Measurement
Measurement started at 11:20:18.982 24/01/2019 by Cameron(Kostas) on epllt004.ph.bham.ac.uk.

1.4e13 2.2e12
Hardness
ISO7

KEITHLEY INSTRUMENTS INC.
MODEL 2410
4303081
C33   Mar 31 2015 09:32:39/A02  /J/M

WAYNE KERR
6530B
0
3.382

Wayne Kerr settings:
Function 1 - Resistance
Function 2 - Capacitance
Equivalent Circuit - Series
Measurement Frequency - 10000 Hz

Keithley Current Range: 105uA (Auto on)
Keithley Source Voltage Range: 1.1kV
Compliance Level: 30uA

Time/Date (HHMMSS.sss)	Voltage (V)	Current (A)	
11:20:18.982	0E+0	3.363615E-7 2.404938E+5	9.029878E-11
11:20:19.444	0E+0	3.368139E-7 2.405093E+5	9.028041E-11
11:20:19.907	0E+0	3.369019E-7 2.403118E+5	9.048372E-11
11:20:20.370	0E+0	3.368464E-7 2.408032E+5	9.063265E-11
11:20:20.834	0E+0	3.365379E-7 2.411328E+5	9.054222E-11
11:20:26.176	-1E+1	-1.499356E-6 2.23371E+5	2.170729E-11
11:20:26.714	-1E+1	-1.193207E-6 2.231864E+5	2.153462E-11
11:20:27.177	-1E+1	-1.18971E-6 2.217577E+5	2.163475E-11
11:20:27.640	-1E+1	-1.189356E-6 2.224964E+5	2.161128E-11
11:20:28.103	-1E+1	-1.189199E-6 2.235913E+5	2.166804E-11
11:20:33.375	-2E+1	-1.689869E-6 2.172502E+5	1.590023E-11
11:20:33.840	-2E+1	-1.689416E-6 2.17766E+5	1.592123E-11
11:20:34.303	-2E+1	-1.689594E-6 2.156619E+5	1.595244E-11
11:20:34.767	-2E+1	-1.689584E-6 2.193623E+5	1.586386E-11
11:20:35.230	-2E+1	-1.689441E-6 2.225039E+5	1.584999E-11
11:20:40.502	-3E+1	-1.979196E-6 1.714311E+5	1.305446E-11
11:20:40.966	-3E+1	-1.978968E-6 1.664727E+5	1.299039E-11
11:20:41.429	-3E+1	-1.978806E-6 1.650129E+5	1.306737E-11
11:20:41.892	-3E+1	-1.978835E-6 1.673922E+5	1.300678E-11
11:20:42.356	-3E+1	-1.978949E-6 1.705864E+5	1.302557E-11
11:20:47.626	-4E+1	-2.151637E-6 1.264417E+5	1.18046E-11
11:20:48.092	-4E+1	-2.151014E-6 1.257849E+5	1.177422E-11
11:20:48.555	-4E+1	-2.151148E-6 1.316306E+5	1.180152E-11
11:20:49.018	-4E+1	-2.151409E-6 1.281E+5	1.170423E-11
11:20:49.482	-4E+1	-2.15153E-6 1.290389E+5	1.18177E-11
11:20:54.753	-5E+1	-2.262163E-6 1.048129E+5	1.117167E-11
11:20:55.218	-5E+1	-2.262076E-6 1.022386E+5	1.114473E-11
11:20:55.681	-5E+1	-2.262067E-6 9.797848E+4	1.114947E-11
11:20:56.144	-5E+1	-2.261911E-6 9.937462E+4	1.118066E-11
11:20:56.608	-5E+1	-2.262021E-6 9.563689E+4	1.118427E-11
11:21:01.878	-6E+1	-2.339846E-6 8.261406E+4	1.095024E-11
11:21:02.344	-6E+1	-2.339975E-6 9.411953E+4	1.092377E-11
11:21:02.807	-6E+1	-2.340229E-6 8.120381E+4	1.095014E-11
11:21:03.270	-6E+1	-2.340733E-6 9.128139E+4	1.087081E-11
11:21:03.734	-6E+1	-2.340578E-6 8.53149E+4	1.096071E-11
11:21:09.005	-7E+1	-2.401057E-6 8.8466E+4	1.084891E-11
11:21:09.470	-7E+1	-2.401738E-6 7.866494E+4	1.080924E-11
11:21:09.932	-7E+1	-2.401649E-6 8.775859E+4	1.07104E-11
11:21:10.396	-7E+1	-2.401888E-6 8.797607E+4	1.08237E-11
11:21:10.860	-7E+1	-2.402096E-6 8.099003E+4	1.080821E-11
11:21:16.131	-8E+1	-2.456078E-6 8.898165E+4	1.073224E-11
11:21:16.604	-8E+1	-2.456312E-6 8.789142E+4	1.06393E-11
11:21:17.075	-8E+1	-2.456029E-6 8.330627E+4	1.066568E-11
11:21:17.538	-8E+1	-2.456283E-6 8.209645E+4	1.075388E-11
11:21:18.002	-8E+1	-2.456035E-6 9.094407E+4	1.07315E-11
11:21:23.272	-9E+1	-2.507161E-6 9.658121E+4	1.057503E-11
11:21:23.738	-9E+1	-2.507545E-6 8.602517E+4	1.067841E-11
11:21:24.201	-9E+1	-2.507114E-6 8.475781E+4	1.065542E-11
11:21:24.665	-9E+1	-2.50744E-6 9.425446E+4	1.058953E-11
11:21:25.128	-9E+1	-2.507933E-6 8.973829E+4	1.054447E-11
11:21:30.397	-1E+2	-2.559661E-6 9.485531E+4	1.054307E-11
11:21:30.863	-1E+2	-2.558844E-6 1.048107E+5	1.053151E-11
11:21:31.326	-1E+2	-2.559005E-6 1.022606E+5	1.050594E-11
11:21:31.790	-1E+2	-2.559941E-6 9.155897E+4	1.04557E-11
11:21:32.253	-1E+2	-2.559742E-6 9.037E+4	1.056053E-11
11:21:37.524	-1.1E+2	-2.614693E-6 9.607082E+4	1.043193E-11
11:21:37.990	-1.1E+2	-2.615061E-6 9.943195E+4	1.03893E-11
11:21:38.453	-1.1E+2	-2.614751E-6 1.025695E+5	1.041829E-11
11:21:38.916	-1.1E+2	-2.614873E-6 9.498327E+4	1.043415E-11
11:21:39.379	-1.1E+2	-2.614845E-6 9.587958E+4	1.049495E-11
11:21:44.649	-1.2E+2	-2.675027E-6 1.108586E+5	1.041652E-11
11:21:45.116	-1.2E+2	-2.675782E-6 1.090324E+5	1.038687E-11
11:21:45.579	-1.2E+2	-2.675742E-6 1.066063E+5	1.03284E-11
11:21:46.042	-1.2E+2	-2.675511E-6 1.082544E+5	1.035935E-11
11:21:46.506	-1.2E+2	-2.675129E-6 1.062269E+5	1.031603E-11
11:21:51.775	-1.3E+2	-2.741989E-6 1.220827E+5	1.018393E-11
11:21:52.255	-1.3E+2	-2.74242E-6 1.217363E+5	1.023594E-11
11:21:52.721	-1.3E+2	-2.742332E-6 1.186385E+5	1.028337E-11
11:21:53.184	-1.3E+2	-2.742432E-6 1.183078E+5	1.026103E-11
11:21:53.648	-1.3E+2	-2.742649E-6 1.129854E+5	1.028678E-11
11:21:58.918	-1.4E+2	-2.816469E-6 1.273844E+5	1.01629E-11
11:21:59.384	-1.4E+2	-2.8172E-6 1.222252E+5	1.021353E-11
11:21:59.848	-1.4E+2	-2.816956E-6 1.310541E+5	1.016023E-11
11:22:00.311	-1.4E+2	-2.817135E-6 1.241699E+5	1.015709E-11
11:22:00.774	-1.4E+2	-2.816443E-6 1.274986E+5	1.019121E-11
11:22:06.043	-1.5E+2	-2.900144E-6 1.344083E+5	1.010207E-11
11:22:06.510	-1.5E+2	-2.900269E-6 1.343461E+5	1.005083E-11
11:22:06.973	-1.5E+2	-2.900016E-6 1.358709E+5	1.010571E-11
11:22:07.436	-1.5E+2	-2.900408E-6 1.283047E+5	1.004299E-11
11:22:07.900	-1.5E+2	-2.900241E-6 1.321868E+5	1.011739E-11
11:22:13.173	-1.6E+2	-2.992073E-6 1.309001E+5	9.962163E-12
11:22:13.636	-1.6E+2	-2.992355E-6 1.396342E+5	1.000966E-11
11:22:14.099	-1.6E+2	-2.992025E-6 1.422036E+5	9.991746E-12
11:22:14.562	-1.6E+2	-2.99213E-6 1.37744E+5	1.002658E-11
11:22:15.026	-1.6E+2	-2.992475E-6 1.412637E+5	9.990824E-12
11:22:20.314	-1.7E+2	-3.095291E-6 1.463473E+5	9.844722E-12
11:22:20.778	-1.7E+2	-3.095806E-6 1.526838E+5	9.870535E-12
11:22:21.242	-1.7E+2	-3.095326E-6 1.415107E+5	9.881382E-12
11:22:21.705	-1.7E+2	-3.095415E-6 1.386331E+5	9.923834E-12
11:22:22.168	-1.7E+2	-3.095027E-6 1.372142E+5	9.953965E-12
11:22:27.444	-1.8E+2	-3.208221E-6 1.513746E+5	9.826652E-12
11:22:27.912	-1.8E+2	-3.207803E-6 1.563408E+5	9.747507E-12
11:22:28.376	-1.8E+2	-3.207754E-6 1.431715E+5	9.823636E-12
11:22:28.840	-1.8E+2	-3.207864E-6 1.404917E+5	9.873587E-12
11:22:29.303	-1.8E+2	-3.208047E-6 1.599472E+5	9.830032E-12
11:22:34.572	-1.9E+2	-3.3307E-6 1.660931E+5	9.68186E-12
11:22:35.033	-1.9E+2	-3.330218E-6 1.444447E+5	9.759632E-12
11:22:35.505	-1.9E+2	-3.330585E-6 1.501372E+5	9.709704E-12
11:22:35.986	-1.9E+2	-3.331156E-6 1.55256E+5	9.7442E-12
11:22:36.458	-1.9E+2	-3.331821E-6 1.572952E+5	9.714349E-12
11:22:41.733	-2E+2	-3.467318E-6 1.517083E+5	9.681769E-12
11:22:42.202	-2E+2	-3.466802E-6 1.503167E+5	9.729533E-12
11:22:42.665	-2E+2	-3.466772E-6 1.656683E+5	9.681779E-12
11:22:43.129	-2E+2	-3.466958E-6 1.529369E+5	9.655816E-12
11:22:43.593	-2E+2	-3.467696E-6 1.579143E+5	9.66889E-12