Diode28
CV Measurement
Measurement started at 11:17:42.411 23/01/2019 by Cameron(Kostas) on epllt004.ph.bham.ac.uk.

1.66e12 2.7e11
Hardness
ISO7

KEITHLEY INSTRUMENTS INC.
MODEL 2410
4303081
C33   Mar 31 2015 09:32:39/A02  /J/M

WAYNE KERR
6530B
0
3.382

Wayne Kerr settings:
Function 1 - Resistance
Function 2 - Capacitance
Equivalent Circuit - Series
Measurement Frequency - 10000 Hz

Keithley Current Range: 1.05uA (Auto on)
Keithley Source Voltage Range: 1.1kV
Compliance Level: 50uA

Time/Date (HHMMSS.sss)	Voltage (V)	Current (A)	
11:17:42.411	0E+0	4.864468E-7 1.357154E+5	5.056604E-11
11:17:42.877	0E+0	4.864328E-7 1.374961E+5	5.064794E-11
11:17:43.341	0E+0	4.862655E-7 1.365392E+5	5.06138E-11
11:17:43.805	0E+0	4.86505E-7 1.359626E+5	5.048612E-11
11:17:44.269	0E+0	4.862319E-7 1.357457E+5	5.057978E-11
11:17:49.538	-1E+1	-1.026352E-7 2.628034E+4	2.076602E-11
11:17:50.000	-1E+1	-1.027261E-7 2.812459E+4	2.07275E-11
11:17:50.464	-1E+1	-1.025537E-7 2.81083E+4	2.07261E-11
11:17:50.928	-1E+1	-1.028924E-7 2.763858E+4	2.066117E-11
11:17:51.392	-1E+1	-1.030699E-7 3.020101E+4	2.073393E-11
11:17:56.658	-2E+1	-1.442447E-7 2.672193E+4	1.733293E-11
11:17:57.122	-2E+1	-1.440726E-7 2.477807E+4	1.731279E-11
11:17:57.585	-2E+1	-1.441165E-7 2.620371E+4	1.733372E-11
11:17:58.049	-2E+1	-1.443725E-7 2.937827E+4	1.734948E-11
11:17:58.513	-2E+1	-1.445306E-7 2.833193E+4	1.736336E-11
11:18:03.780	-3E+1	-1.767798E-7 2.662779E+4	1.584391E-11
11:18:04.242	-3E+1	-1.770251E-7 2.409502E+4	1.581291E-11
11:18:04.707	-3E+1	-1.766535E-7 2.795498E+4	1.578587E-11
11:18:05.171	-3E+1	-1.765824E-7 2.511677E+4	1.576999E-11
11:18:05.635	-3E+1	-1.765751E-7 2.831736E+4	1.586002E-11
11:18:10.902	-4E+1	-2.043822E-7 2.274446E+4	1.496649E-11
11:18:11.364	-4E+1	-2.044683E-7 2.307861E+4	1.497696E-11
11:18:11.828	-4E+1	-2.04231E-7 2.117244E+4	1.486055E-11
11:18:12.292	-4E+1	-2.039712E-7 2.763513E+4	1.486331E-11
11:18:12.756	-4E+1	-2.044014E-7 2.266797E+4	1.484854E-11
11:18:18.023	-5E+1	-2.2888E-7 2.633519E+4	1.426365E-11
11:18:18.487	-5E+1	-2.289098E-7 2.802052E+4	1.422182E-11
11:18:18.951	-5E+1	-2.286248E-7 2.05772E+4	1.427218E-11
11:18:19.415	-5E+1	-2.288426E-7 2.716963E+4	1.424458E-11
11:18:19.879	-5E+1	-2.288948E-7 2.682244E+4	1.424983E-11
11:18:25.147	-6E+1	-2.513675E-7 2.768205E+4	1.373437E-11
11:18:25.609	-6E+1	-2.517947E-7 3.187513E+4	1.374256E-11
11:18:26.073	-6E+1	-2.511782E-7 2.695324E+4	1.37927E-11
11:18:26.537	-6E+1	-2.513495E-7 3.056457E+4	1.379545E-11
11:18:27.001	-6E+1	-2.514885E-7 2.391593E+4	1.374331E-11
11:18:32.268	-7E+1	-2.714649E-7 3.228811E+4	1.341492E-11
11:18:32.731	-7E+1	-2.711664E-7 2.77794E+4	1.342254E-11
11:18:33.195	-7E+1	-2.715492E-7 2.48473E+4	1.346954E-11
11:18:33.659	-7E+1	-2.713383E-7 3.047533E+4	1.336977E-11
11:18:34.122	-7E+1	-2.718395E-7 2.676466E+4	1.332639E-11
11:18:39.389	-8E+1	-2.895264E-7 3.892192E+4	1.306717E-11
11:18:39.852	-8E+1	-2.898236E-7 2.331677E+4	1.311823E-11
11:18:40.315	-8E+1	-2.89337E-7 2.580785E+4	1.303038E-11
11:18:40.780	-8E+1	-2.897503E-7 2.612134E+4	1.308745E-11
11:18:41.244	-8E+1	-2.892871E-7 2.259954E+4	1.308765E-11
11:18:46.510	-9E+1	-3.048876E-7 3.035773E+4	1.281219E-11
11:18:46.973	-9E+1	-3.045946E-7 3.005928E+4	1.284703E-11
11:18:47.437	-9E+1	-3.057939E-7 2.444349E+4	1.278732E-11
11:18:47.901	-9E+1	-3.052592E-7 2.141128E+4	1.282588E-11
11:18:48.365	-9E+1	-3.050486E-7 2.478659E+4	1.291904E-11
11:18:53.632	-1E+2	-3.180403E-7 2.158631E+4	1.261025E-11
11:18:54.095	-1E+2	-3.181491E-7 2.48912E+4	1.270589E-11
11:18:54.559	-1E+2	-3.175102E-7 2.718471E+4	1.257164E-11
11:18:55.023	-1E+2	-3.1787E-7 2.38767E+4	1.264209E-11
11:18:55.487	-1E+2	-3.181611E-7 2.96249E+4	1.264354E-11
11:19:00.756	-1.1E+2	-3.278003E-7 2.979727E+4	1.245043E-11
11:19:01.218	-1.1E+2	-3.276353E-7 2.899257E+4	1.243119E-11
11:19:01.682	-1.1E+2	-3.28152E-7 2.630201E+4	1.246368E-11
11:19:02.145	-1.1E+2	-3.281923E-7 2.571308E+4	1.241383E-11
11:19:02.610	-1.1E+2	-3.274392E-7 2.825278E+4	1.247059E-11
11:19:07.878	-1.2E+2	-3.350209E-7 2.480482E+4	1.237111E-11
11:19:08.340	-1.2E+2	-3.353188E-7 1.089951E+4	1.23606E-11
11:19:08.804	-1.2E+2	-3.356148E-7 1.467546E+4	1.230952E-11
11:19:09.268	-1.2E+2	-3.362311E-7 1.629995E+4	1.235542E-11
11:19:09.732	-1.2E+2	-3.359739E-7 2.430744E+4	1.235886E-11
11:19:14.999	-1.3E+2	-3.42292E-7 3.191013E+4	1.227222E-11
11:19:15.461	-1.3E+2	-3.422821E-7 2.470833E+4	1.22987E-11
11:19:15.925	-1.3E+2	-3.42687E-7 2.265341E+4	1.232206E-11
11:19:16.389	-1.3E+2	-3.411695E-7 2.242983E+4	1.231938E-11
11:19:16.854	-1.3E+2	-3.421742E-7 1.972023E+4	1.235246E-11
11:19:22.120	-1.4E+2	-3.469155E-7 1.544155E+4	1.235306E-11
11:19:22.582	-1.4E+2	-3.472627E-7 2.166073E+4	1.233143E-11
11:19:23.046	-1.4E+2	-3.472537E-7 2.648112E+4	1.223846E-11
11:19:23.510	-1.4E+2	-3.476099E-7 2.265787E+4	1.225546E-11
11:19:23.974	-1.4E+2	-3.468374E-7 2.239001E+4	1.224185E-11
11:19:29.242	-1.5E+2	-3.517202E-7 1.781591E+4	1.221493E-11
11:19:29.704	-1.5E+2	-3.516356E-7 2.731738E+4	1.218378E-11
11:19:30.169	-1.5E+2	-3.516663E-7 1.917802E+4	1.224758E-11
11:19:30.633	-1.5E+2	-3.521124E-7 2.928622E+4	1.215218E-11
11:19:31.097	-1.5E+2	-3.524332E-7 2.078439E+4	1.219184E-11
11:19:36.365	-1.6E+2	-3.571922E-7 2.120286E+4	1.218571E-11
11:19:36.827	-1.6E+2	-3.568551E-7 2.105133E+4	1.216276E-11
11:19:37.290	-1.6E+2	-3.56742E-7 1.910109E+4	1.217326E-11
11:19:37.754	-1.6E+2	-3.565169E-7 2.375307E+4	1.215293E-11
11:19:38.219	-1.6E+2	-3.567249E-7 2.706639E+4	1.215073E-11
11:19:43.486	-1.7E+2	-3.605631E-7 2.898564E+4	1.213004E-11
11:19:43.948	-1.7E+2	-3.605812E-7 2.64165E+4	1.218347E-11
11:19:44.412	-1.7E+2	-3.617912E-7 2.015234E+4	1.217291E-11
11:19:44.876	-1.7E+2	-3.610048E-7 2.316353E+4	1.212472E-11
11:19:45.340	-1.7E+2	-3.602855E-7 1.759608E+4	1.214016E-11
11:19:50.608	-1.8E+2	-3.661137E-7 1.811123E+4	1.216582E-11
11:19:51.070	-1.8E+2	-3.656449E-7 2.842587E+4	1.210966E-11
11:19:51.534	-1.8E+2	-3.654662E-7 2.362567E+4	1.205571E-11
11:19:51.999	-1.8E+2	-3.659217E-7 3.376601E+4	1.21837E-11
11:19:52.463	-1.8E+2	-3.659179E-7 2.534489E+4	1.209955E-11
11:19:57.729	-1.9E+2	-3.719237E-7 2.327977E+4	1.207591E-11
11:19:58.191	-1.9E+2	-3.722701E-7 2.812662E+4	1.205518E-11
11:19:58.655	-1.9E+2	-3.720922E-7 2.665661E+4	1.211735E-11
11:19:59.119	-1.9E+2	-3.714352E-7 3.001691E+4	1.210608E-11
11:19:59.584	-1.9E+2	-3.719331E-7 2.414689E+4	1.208609E-11
11:20:04.851	-2E+2	-3.820921E-7 2.246427E+4	1.207508E-11
11:20:05.313	-2E+2	-3.816868E-7 3.219776E+4	1.208116E-11
11:20:05.777	-2E+2	-3.815705E-7 2.64568E+4	1.205456E-11
11:20:06.241	-2E+2	-3.82048E-7 3.85086E+4	1.209601E-11
11:20:06.706	-2E+2	-3.817212E-7 2.458723E+4	1.200138E-11