Diode33
CV Measurement
Measurement started at 11:58:06.430 23/01/2019 by Cameron(Kostas) on epllt004.ph.bham.ac.uk.

4.74e12 7.6e11
Hardness
ISO7

KEITHLEY INSTRUMENTS INC.
MODEL 2410
4303081
C33   Mar 31 2015 09:32:39/A02  /J/M

WAYNE KERR
6530B
0
3.382

Wayne Kerr settings:
Function 1 - Resistance
Function 2 - Capacitance
Equivalent Circuit - Series
Measurement Frequency - 10000 Hz

Keithley Current Range: 1.05uA (Auto on)
Keithley Source Voltage Range: 1.1kV
Compliance Level: 50uA

Time/Date (HHMMSS.sss)	Voltage (V)	Current (A)	
11:58:06.430	0E+0	4.430846E-7 1.873442E+5	5.52116E-11
11:58:06.890	0E+0	4.432158E-7 1.864661E+5	5.517512E-11
11:58:07.354	0E+0	4.427644E-7 1.86901E+5	5.524586E-11
11:58:07.818	0E+0	4.428852E-7 1.872616E+5	5.529566E-11
11:58:08.282	0E+0	4.433488E-7 1.875353E+5	5.543068E-11
11:58:13.551	-1E+1	-3.942933E-7 6.274138E+4	1.998009E-11
11:58:14.012	-1E+1	-3.944385E-7 6.181743E+4	1.990599E-11
11:58:14.476	-1E+1	-3.940587E-7 5.84754E+4	2.002262E-11
11:58:14.941	-1E+1	-3.942443E-7 6.252891E+4	1.997379E-11
11:58:15.405	-1E+1	-3.944932E-7 6.408474E+4	1.996193E-11
11:58:20.673	-2E+1	-5.482789E-7 5.785983E+4	1.659047E-11
11:58:21.135	-2E+1	-5.481917E-7 5.853271E+4	1.652671E-11
11:58:21.599	-2E+1	-5.484888E-7 5.700216E+4	1.654057E-11
11:58:22.063	-2E+1	-5.487469E-7 5.876702E+4	1.652383E-11
11:58:22.527	-2E+1	-5.485076E-7 6.03883E+4	1.654372E-11
11:58:27.795	-3E+1	-6.679084E-7 5.26664E+4	1.508059E-11
11:58:28.256	-3E+1	-6.681607E-7 4.896597E+4	1.507817E-11
11:58:28.720	-3E+1	-6.67687E-7 5.303805E+4	1.504228E-11
11:58:29.184	-3E+1	-6.675006E-7 5.340929E+4	1.504286E-11
11:58:29.648	-3E+1	-6.677604E-7 5.083275E+4	1.503775E-11
11:58:34.914	-4E+1	-7.667996E-7 5.273405E+4	1.430499E-11
11:58:35.378	-4E+1	-7.670691E-7 4.772419E+4	1.418071E-11
11:58:35.842	-4E+1	-7.671551E-7 5.196472E+4	1.433185E-11
11:58:36.306	-4E+1	-7.670476E-7 5.335402E+4	1.426932E-11
11:58:36.770	-4E+1	-7.666903E-7 5.500613E+4	1.419659E-11
11:58:42.044	-5E+1	-8.499279E-7 5.520426E+4	1.378768E-11
11:58:42.515	-5E+1	-8.495195E-7 5.26748E+4	1.367048E-11
11:58:42.979	-5E+1	-8.49663E-7 4.877657E+4	1.363172E-11
11:58:43.443	-5E+1	-8.492865E-7 4.955539E+4	1.361442E-11
11:58:43.907	-5E+1	-8.49677E-7 3.87212E+4	1.354624E-11
11:58:49.174	-6E+1	-9.139208E-7 5.259557E+4	1.333599E-11
11:58:49.637	-6E+1	-9.141505E-7 4.74463E+4	1.315206E-11
11:58:50.101	-6E+1	-9.151954E-7 3.884343E+4	1.308168E-11
11:58:50.565	-6E+1	-9.147533E-7 5.115439E+4	1.326105E-11
11:58:51.029	-6E+1	-9.147658E-7 4.695196E+4	1.324144E-11
11:58:56.297	-7E+1	-9.641897E-7 3.594805E+4	1.273177E-11
11:58:56.760	-7E+1	-9.618052E-7 4.302645E+4	1.288639E-11
11:58:57.224	-7E+1	-9.614919E-7 4.942526E+4	1.301648E-11
11:58:57.688	-7E+1	-9.615064E-7 4.181233E+4	1.291E-11
11:58:58.152	-7E+1	-9.613351E-7 2.518318E+4	1.276214E-11
11:59:03.419	-8E+1	-1.050013E-6 4.125193E+4	1.284936E-11
11:59:03.882	-8E+1	-1.050012E-6 4.406607E+4	1.289562E-11
11:59:04.345	-8E+1	-1.050013E-6 3.988151E+4	1.293115E-11
11:59:04.810	-8E+1	-1.050013E-6 3.702931E+4	1.286798E-11
11:59:05.273	-8E+1	-1.026806E-6 2.455526E+4	1.271977E-11
11:59:10.541	-9E+1	-1.050012E-6 3.970283E+4	1.277753E-11
11:59:11.003	-9E+1	-1.050012E-6 3.102486E+4	1.278997E-11
11:59:11.467	-9E+1	-1.050013E-6 4.254552E+4	1.279925E-11
11:59:11.931	-9E+1	-1.050013E-6 3.678265E+4	1.278367E-11
11:59:12.395	-9E+1	-1.050013E-6 3.623527E+4	1.278283E-11
11:59:17.662	-1E+2	-1.050012E-6 3.553535E+4	1.270953E-11
11:59:18.124	-1E+2	-1.050014E-6 3.180707E+4	1.270874E-11
11:59:18.588	-1E+2	-1.050013E-6 2.883468E+4	1.270454E-11
11:59:19.053	-1E+2	-1.050013E-6 3.629077E+4	1.270356E-11
11:59:19.517	-1E+2	-1.050013E-6 3.779546E+4	1.277237E-11
11:59:24.786	-1.1E+2	-1.050013E-6 3.584042E+4	1.266805E-11
11:59:25.247	-1.1E+2	-1.050013E-6 2.422497E+4	1.266861E-11
11:59:25.711	-1.1E+2	-1.050012E-6 3.105381E+4	1.262047E-11
11:59:26.175	-1.1E+2	-1.050013E-6 3.799895E+4	1.274E-11
11:59:26.639	-1.1E+2	-1.050015E-6 3.437533E+4	1.265611E-11
11:59:31.907	-1.2E+2	-1.050012E-6 3.282377E+4	1.261078E-11
11:59:32.369	-1.2E+2	-1.050014E-6 3.323153E+4	1.269108E-11
11:59:32.833	-1.2E+2	-1.050012E-6 3.35011E+4	1.26199E-11
11:59:33.297	-1.2E+2	-1.050013E-6 2.926343E+4	1.26633E-11
11:59:33.761	-1.2E+2	-1.050012E-6 3.564718E+4	1.263693E-11
11:59:39.029	-1.3E+2	-1.050013E-6 3.415027E+4	1.264666E-11
11:59:39.491	-1.3E+2	-1.050012E-6 3.224609E+4	1.260406E-11
11:59:39.954	-1.3E+2	-1.050012E-6 2.751454E+4	1.263429E-11
11:59:40.419	-1.3E+2	-1.050013E-6 3.526401E+4	1.258435E-11
11:59:40.883	-1.3E+2	-1.050014E-6 3.585742E+4	1.262784E-11
11:59:46.151	-1.4E+2	-1.050013E-6 2.942563E+4	1.268696E-11
11:59:46.614	-1.4E+2	-1.050012E-6 3.431097E+4	1.265088E-11
11:59:47.078	-1.4E+2	-1.050013E-6 3.566633E+4	1.267569E-11
11:59:47.542	-1.4E+2	-1.050012E-6 3.446061E+4	1.267142E-11
11:59:48.006	-1.4E+2	-1.050011E-6 3.400895E+4	1.265711E-11
11:59:53.272	-1.5E+2	-1.050014E-6 3.621955E+4	1.268693E-11
11:59:53.735	-1.5E+2	-1.050012E-6 3.017331E+4	1.271891E-11
11:59:54.199	-1.5E+2	-1.050012E-6 3.026949E+4	1.267078E-11
11:59:54.664	-1.5E+2	-1.050012E-6 3.481196E+4	1.258714E-11
11:59:55.128	-1.5E+2	-1.050012E-6 3.292935E+4	1.265695E-11
12:00:00.395	-1.6E+2	-1.050014E-6 3.306505E+4	1.265766E-11
12:00:00.857	-1.6E+2	-1.050012E-6 3.683063E+4	1.266987E-11
12:00:01.321	-1.6E+2	-1.050012E-6 3.675126E+4	1.265787E-11
12:00:01.784	-1.6E+2	-1.050013E-6 3.658071E+4	1.267426E-11
12:00:02.249	-1.6E+2	-1.050013E-6 3.452628E+4	1.264042E-11
12:00:07.516	-1.7E+2	-1.050011E-6 3.719644E+4	1.260368E-11
12:00:07.978	-1.7E+2	-1.050012E-6 3.630089E+4	1.260928E-11
12:00:08.442	-1.7E+2	-1.050012E-6 3.490295E+4	1.266671E-11
12:00:08.906	-1.7E+2	-1.050011E-6 3.457057E+4	1.261327E-11
12:00:09.370	-1.7E+2	-1.050011E-6 3.489082E+4	1.26451E-11
12:00:14.638	-1.8E+2	-1.050014E-6 3.694392E+4	1.259141E-11
12:00:15.100	-1.8E+2	-1.050013E-6 3.292702E+4	1.265377E-11
12:00:15.564	-1.8E+2	-1.050014E-6 4.103694E+4	1.26553E-11
12:00:16.028	-1.8E+2	-1.050013E-6 3.259934E+4	1.264618E-11
12:00:16.492	-1.8E+2	-1.050012E-6 3.23993E+4	1.266476E-11
12:00:21.761	-1.9E+2	-1.050012E-6 3.126471E+4	1.264826E-11
12:00:22.223	-1.9E+2	-1.050011E-6 2.983507E+4	1.26034E-11
12:00:22.687	-1.9E+2	-1.050012E-6 3.522391E+4	1.258267E-11
12:00:23.151	-1.9E+2	-1.050012E-6 3.457591E+4	1.267499E-11
12:00:23.615	-1.9E+2	-1.050012E-6 2.956534E+4	1.261448E-11
12:00:28.882	-2E+2	-1.050013E-6 3.120143E+4	1.254932E-11
12:00:29.344	-2E+2	-1.050012E-6 4.111365E+4	1.264571E-11
12:00:29.808	-2E+2	-1.050011E-6 5.327072E+4	1.262554E-11
12:00:30.272	-2E+2	-1.050011E-6 3.292433E+4	1.261525E-11
12:00:30.737	-2E+2	-1.050012E-6 2.822036E+4	1.269593E-11