Diode25
CV Measurement
Measurement started at 10:49:27.959 23/01/2019 by Cameron(Kostas) on epllt004.ph.bham.ac.uk.

5.79e11 1.e11
Hardness
ISO7

KEITHLEY INSTRUMENTS INC.
MODEL 2410
4303081
C33   Mar 31 2015 09:32:39/A02  /J/M

WAYNE KERR
6530B
0
3.382

Wayne Kerr settings:
Function 1 - Resistance
Function 2 - Capacitance
Equivalent Circuit - Series
Measurement Frequency - 10000 Hz

Keithley Current Range: 1.05uA (Auto on)
Keithley Source Voltage Range: 1.1kV
Compliance Level: 30uA

Time/Date (HHMMSS.sss)	Voltage (V)	Current (A)	
10:49:27.959	0E+0	4.878505E-7 1.138454E+5	4.743383E-11
10:49:28.420	0E+0	4.875553E-7 1.138323E+5	4.725418E-11
10:49:28.883	0E+0	4.876755E-7 1.125969E+5	4.736217E-11
10:49:29.347	0E+0	4.87792E-7 1.131621E+5	4.743693E-11
10:49:29.811	0E+0	4.879229E-7 1.134992E+5	4.732896E-11
10:49:35.078	-1E+1	-3.416637E-8 1.8235E+4	1.941166E-11
10:49:35.541	-1E+1	-3.428243E-8 2.050387E+4	1.947742E-11
10:49:36.005	-1E+1	-3.438857E-8 1.791023E+4	1.948261E-11
10:49:36.469	-1E+1	-3.450655E-8 1.929649E+4	1.943805E-11
10:49:36.932	-1E+1	-3.433226E-8 2.208218E+4	1.930575E-11
10:49:42.200	-2E+1	-5.000349E-8 2.529039E+4	1.612542E-11
10:49:42.663	-2E+1	-4.982322E-8 2.483624E+4	1.596788E-11
10:49:43.126	-2E+1	-4.940969E-8 2.19188E+4	1.601083E-11
10:49:43.590	-2E+1	-4.880799E-8 1.920086E+4	1.601144E-11
10:49:44.054	-2E+1	-4.914595E-8 2.068338E+4	1.595395E-11
10:49:49.321	-3E+1	-6.074384E-8 2.066687E+4	1.448456E-11
10:49:49.785	-3E+1	-6.082401E-8 1.979075E+4	1.439699E-11
10:49:50.249	-3E+1	-6.155736E-8 3.093544E+4	1.439549E-11
10:49:50.712	-3E+1	-6.150623E-8 2.178987E+4	1.446485E-11
10:49:51.176	-3E+1	-6.097194E-8 1.697695E+4	1.441295E-11
10:49:56.442	-4E+1	-7.082757E-8 2.558553E+4	1.343133E-11
10:49:56.905	-4E+1	-7.071183E-8 2.292698E+4	1.346477E-11
10:49:57.369	-4E+1	-7.037639E-8 2.261805E+4	1.345889E-11
10:49:57.834	-4E+1	-7.131965E-8 2.561376E+4	1.341509E-11
10:49:58.298	-4E+1	-7.124176E-8 2.119011E+4	1.346139E-11
10:50:03.565	-5E+1	-7.998218E-8 3.234971E+4	1.286827E-11
10:50:04.028	-5E+1	-8.03591E-8 2.46418E+4	1.270737E-11
10:50:04.492	-5E+1	-7.971871E-8 3.206849E+4	1.269061E-11
10:50:04.955	-5E+1	-7.945584E-8 2.966482E+4	1.277354E-11
10:50:05.420	-5E+1	-7.979085E-8 1.765613E+4	1.275362E-11
10:50:10.686	-6E+1	-8.757281E-8 2.544577E+4	1.222231E-11
10:50:11.149	-6E+1	-8.80586E-8 3.709208E+4	1.226971E-11
10:50:11.612	-6E+1	-8.834792E-8 2.628592E+4	1.221027E-11
10:50:12.076	-6E+1	-8.880706E-8 2.243743E+4	1.223269E-11
10:50:12.541	-6E+1	-8.805304E-8 3.307833E+4	1.226147E-11
10:50:17.808	-7E+1	-9.542486E-8 3.295942E+4	1.179627E-11
10:50:18.271	-7E+1	-9.547104E-8 2.628828E+4	1.175593E-11
10:50:18.735	-7E+1	-9.539706E-8 3.389644E+4	1.18629E-11
10:50:19.199	-7E+1	-9.529964E-8 2.847699E+4	1.187597E-11
10:50:19.663	-7E+1	-9.562116E-8 2.760654E+4	1.18744E-11
10:50:24.929	-8E+1	-1.024626E-7 2.992897E+4	1.151018E-11
10:50:25.393	-8E+1	-1.026993E-7 2.799152E+4	1.151398E-11
10:50:25.857	-8E+1	-1.026034E-7 2.802576E+4	1.154216E-11
10:50:26.321	-8E+1	-1.021296E-7 4.042319E+4	1.151572E-11
10:50:26.785	-8E+1	-1.024127E-7 2.809226E+4	1.152443E-11
10:50:32.050	-9E+1	-1.084397E-7 4.034349E+4	1.125176E-11
10:50:32.513	-9E+1	-1.086054E-7 2.63099E+4	1.124095E-11
10:50:32.977	-9E+1	-1.087854E-7 2.946385E+4	1.112533E-11
10:50:33.441	-9E+1	-1.09456E-7 4.133943E+4	1.124237E-11
10:50:33.906	-9E+1	-1.089326E-7 3.847843E+4	1.132873E-11
10:50:39.172	-1E+2	-1.146685E-7 2.51978E+4	1.108287E-11
10:50:39.635	-1E+2	-1.147312E-7 3.201868E+4	1.101959E-11
10:50:40.099	-1E+2	-1.13997E-7 3.242618E+4	1.10736E-11
10:50:40.563	-1E+2	-1.149855E-7 1.805909E+4	1.097436E-11
10:50:41.027	-1E+2	-1.15501E-7 3.668142E+4	1.105713E-11
10:50:46.295	-1.1E+2	-1.198898E-7 2.830771E+4	1.085976E-11
10:50:46.757	-1.1E+2	-1.204175E-7 3.373738E+4	1.087446E-11
10:50:47.221	-1.1E+2	-1.1966E-7 3.035785E+4	1.086979E-11
10:50:47.684	-1.1E+2	-1.192757E-7 2.238656E+4	1.088088E-11
10:50:48.149	-1.1E+2	-1.199486E-7 2.651408E+4	1.100388E-11
10:50:53.416	-1.2E+2	-1.2391E-7 3.34223E+4	1.074521E-11
10:50:53.878	-1.2E+2	-1.234512E-7 1.361057E+4	1.067228E-11
10:50:54.343	-1.2E+2	-1.241246E-7 2.889162E+4	1.077038E-11
10:50:54.808	-1.2E+2	-1.237333E-7 2.55608E+4	1.07099E-11
10:50:55.272	-1.2E+2	-1.240442E-7 2.743529E+4	1.077562E-11
10:51:00.539	-1.3E+2	-1.271483E-7 2.849063E+4	1.067766E-11
10:51:01.001	-1.3E+2	-1.271958E-7 2.551623E+4	1.067229E-11
10:51:01.465	-1.3E+2	-1.263621E-7 3.626688E+4	1.064404E-11
10:51:01.929	-1.3E+2	-1.270971E-7 3.913911E+4	1.068975E-11
10:51:02.393	-1.3E+2	-1.275998E-7 2.375929E+4	1.058619E-11
10:51:07.660	-1.4E+2	-1.298003E-7 3.559643E+4	1.065964E-11
10:51:08.122	-1.4E+2	-1.294194E-7 3.011365E+4	1.062053E-11
10:51:08.587	-1.4E+2	-1.300345E-7 2.201265E+4	1.053921E-11
10:51:09.050	-1.4E+2	-1.29587E-7 3.401397E+4	1.058854E-11
10:51:09.514	-1.4E+2	-1.291177E-7 2.636965E+4	1.059073E-11
10:51:14.781	-1.5E+2	-1.310241E-7 3.338135E+4	1.049777E-11
10:51:15.243	-1.5E+2	-1.312617E-7 3.331705E+4	1.05504E-11
10:51:15.708	-1.5E+2	-1.310096E-7 3.428574E+4	1.052843E-11
10:51:16.172	-1.5E+2	-1.314701E-7 2.991742E+4	1.05737E-11
10:51:16.636	-1.5E+2	-1.311684E-7 3.550586E+4	1.055674E-11
10:51:21.903	-1.6E+2	-1.327901E-7 3.189975E+4	1.052715E-11
10:51:22.365	-1.6E+2	-1.330185E-7 2.899937E+4	1.049513E-11
10:51:22.829	-1.6E+2	-1.329509E-7 4.675886E+4	1.055972E-11
10:51:23.293	-1.6E+2	-1.330097E-7 2.961652E+4	1.050934E-11
10:51:23.757	-1.6E+2	-1.33025E-7 2.900953E+4	1.059711E-11
10:51:29.025	-1.7E+2	-1.344137E-7 1.998907E+4	1.04607E-11
10:51:29.487	-1.7E+2	-1.343164E-7 4.248449E+4	1.054869E-11
10:51:29.951	-1.7E+2	-1.343899E-7 4.148945E+4	1.039452E-11
10:51:30.415	-1.7E+2	-1.346538E-7 3.966432E+4	1.049298E-11
10:51:30.879	-1.7E+2	-1.345329E-7 2.133853E+4	1.046596E-11
10:51:36.147	-1.8E+2	-1.365979E-7 4.367592E+4	1.046554E-11
10:51:36.608	-1.8E+2	-1.368702E-7 3.604656E+4	1.043196E-11
10:51:37.072	-1.8E+2	-1.366411E-7 3.304115E+4	1.046201E-11
10:51:37.536	-1.8E+2	-1.361018E-7 3.045178E+4	1.045957E-11
10:51:38.000	-1.8E+2	-1.361903E-7 3.359508E+4	1.047342E-11
10:51:43.266	-1.9E+2	-1.389695E-7 3.322613E+4	1.047403E-11
10:51:43.730	-1.9E+2	-1.388645E-7 2.798262E+4	1.045244E-11
10:51:44.194	-1.9E+2	-1.388461E-7 3.264814E+4	1.040083E-11
10:51:44.658	-1.9E+2	-1.393432E-7 2.814214E+4	1.040079E-11
10:51:45.122	-1.9E+2	-1.389657E-7 3.997954E+4	1.038936E-11
10:51:50.390	-2E+2	-1.468952E-7 4.332766E+4	1.034701E-11
10:51:50.851	-2E+2	-1.466989E-7 4.399657E+4	1.034176E-11
10:51:51.315	-2E+2	-1.469177E-7 2.92101E+4	1.039969E-11
10:51:51.779	-2E+2	-1.463864E-7 3.575524E+4	1.041596E-11
10:51:52.245	-2E+2	-1.468596E-7 3.463429E+4	1.039752E-11