Diode30
CV Measurement
Measurement started at 11:33:53.147 23/01/2019 by Cameron(Kostas) on epllt004.ph.bham.ac.uk.

2.59e12 4.2e11
Hardness
ISO7

KEITHLEY INSTRUMENTS INC.
MODEL 2410
4303081
C33   Mar 31 2015 09:32:39/A02  /J/M

WAYNE KERR
6530B
0
3.382

Wayne Kerr settings:
Function 1 - Resistance
Function 2 - Capacitance
Equivalent Circuit - Series
Measurement Frequency - 10000 Hz

Keithley Current Range: 1.05uA (Auto on)
Keithley Source Voltage Range: 1.1kV
Compliance Level: 50uA

Time/Date (HHMMSS.sss)	Voltage (V)	Current (A)	
11:33:53.147	0E+0	4.771787E-7 1.594644E+5	5.218822E-11
11:33:53.608	0E+0	4.770065E-7 1.601681E+5	5.216642E-11
11:33:54.072	0E+0	4.767986E-7 1.581375E+5	5.213925E-11
11:33:54.536	0E+0	4.772697E-7 1.58786E+5	5.218848E-11
11:33:55.001	0E+0	4.773608E-7 1.599759E+5	5.218833E-11
11:34:00.268	-1E+1	-1.95067E-7 3.616153E+4	1.982529E-11
11:34:00.730	-1E+1	-1.951949E-7 3.778407E+4	1.98291E-11
11:34:01.195	-1E+1	-1.952914E-7 3.994447E+4	1.985484E-11
11:34:01.659	-1E+1	-1.951646E-7 4.103668E+4	1.980814E-11
11:34:02.123	-1E+1	-1.948575E-7 3.815348E+4	1.983481E-11
11:34:07.390	-2E+1	-2.720793E-7 4.028122E+4	1.647142E-11
11:34:07.853	-2E+1	-2.720515E-7 3.368183E+4	1.653857E-11
11:34:08.317	-2E+1	-2.71876E-7 3.74857E+4	1.63976E-11
11:34:08.781	-2E+1	-2.719158E-7 3.30162E+4	1.652334E-11
11:34:09.244	-2E+1	-2.721136E-7 3.470083E+4	1.642137E-11
11:34:14.511	-3E+1	-3.328616E-7 3.521152E+4	1.499682E-11
11:34:14.974	-3E+1	-3.327488E-7 3.119381E+4	1.503649E-11
11:34:15.437	-3E+1	-3.325981E-7 3.147324E+4	1.500275E-11
11:34:15.902	-3E+1	-3.331432E-7 3.093464E+4	1.498942E-11
11:34:16.367	-3E+1	-3.336377E-7 3.487366E+4	1.501254E-11
11:34:21.633	-4E+1	-3.85058E-7 3.328384E+4	1.416941E-11
11:34:22.096	-4E+1	-3.851925E-7 3.512324E+4	1.416191E-11
11:34:22.559	-4E+1	-3.854181E-7 3.469257E+4	1.410555E-11
11:34:23.024	-4E+1	-3.854275E-7 3.13365E+4	1.413578E-11
11:34:23.488	-4E+1	-3.850236E-7 2.964583E+4	1.410055E-11
11:34:28.755	-5E+1	-4.321031E-7 3.274171E+4	1.348097E-11
11:34:29.217	-5E+1	-4.317864E-7 3.176413E+4	1.349047E-11
11:34:29.682	-5E+1	-4.319793E-7 3.029514E+4	1.349374E-11
11:34:30.146	-5E+1	-4.3212E-7 2.680675E+4	1.34675E-11
11:34:30.610	-5E+1	-4.321408E-7 3.449196E+4	1.35334E-11
11:34:35.877	-6E+1	-4.741607E-7 3.262892E+4	1.307646E-11
11:34:36.339	-6E+1	-4.745543E-7 3.394321E+4	1.297214E-11
11:34:36.803	-6E+1	-4.740736E-7 3.569786E+4	1.307538E-11
11:34:37.266	-6E+1	-4.742522E-7 2.994011E+4	1.307652E-11
11:34:37.732	-6E+1	-4.739695E-7 3.222586E+4	1.300735E-11
11:34:42.999	-7E+1	-5.105451E-7 3.375587E+4	1.267134E-11
11:34:43.462	-7E+1	-5.104268E-7 3.037498E+4	1.27351E-11
11:34:43.926	-7E+1	-5.101752E-7 3.27379E+4	1.261171E-11
11:34:44.389	-7E+1	-5.098503E-7 3.213364E+4	1.266322E-11
11:34:44.853	-7E+1	-5.101967E-7 3.512242E+4	1.261683E-11
11:34:50.119	-8E+1	-5.391651E-7 2.915616E+4	1.230684E-11
11:34:50.583	-8E+1	-5.391417E-7 3.594243E+4	1.242563E-11
11:34:51.047	-8E+1	-5.397281E-7 3.326569E+4	1.236482E-11
11:34:51.511	-8E+1	-5.40083E-7 2.267404E+4	1.234072E-11
11:34:51.975	-8E+1	-5.393025E-7 2.4655E+4	1.236359E-11
11:34:57.242	-9E+1	-5.611464E-7 3.028037E+4	1.205272E-11
11:34:57.705	-9E+1	-5.6121E-7 2.878999E+4	1.205353E-11
11:34:58.169	-9E+1	-5.61323E-7 3.248426E+4	1.208961E-11
11:34:58.633	-9E+1	-5.615032E-7 2.733956E+4	1.203294E-11
11:34:59.098	-9E+1	-5.609752E-7 2.718164E+4	1.208756E-11
11:35:04.365	-1E+2	-5.765319E-7 2.980535E+4	1.193245E-11
11:35:04.827	-1E+2	-5.771091E-7 2.653948E+4	1.195263E-11
11:35:05.291	-1E+2	-5.76251E-7 2.783273E+4	1.19524E-11
11:35:05.755	-1E+2	-5.767387E-7 3.483711E+4	1.199752E-11
11:35:06.219	-1E+2	-5.771608E-7 3.145928E+4	1.205218E-11
11:35:11.486	-1.1E+2	-5.883039E-7 2.649474E+4	1.184581E-11
11:35:11.948	-1.1E+2	-5.881521E-7 2.245021E+4	1.188533E-11
11:35:12.413	-1.1E+2	-5.887574E-7 2.819935E+4	1.184787E-11
11:35:12.877	-1.1E+2	-5.882333E-7 3.091561E+4	1.191565E-11
11:35:13.341	-1.1E+2	-5.8854E-7 2.719771E+4	1.192373E-11
11:35:18.609	-1.2E+2	-5.982639E-7 2.410545E+4	1.176418E-11
11:35:19.070	-1.2E+2	-5.978127E-7 1.978388E+4	1.182282E-11
11:35:19.534	-1.2E+2	-5.980477E-7 2.051263E+4	1.185677E-11
11:35:19.998	-1.2E+2	-5.98065E-7 2.576653E+4	1.181825E-11
11:35:20.463	-1.2E+2	-5.980467E-7 2.668951E+4	1.18461E-11
11:35:25.729	-1.3E+2	-6.062358E-7 2.92697E+4	1.177307E-11
11:35:26.192	-1.3E+2	-6.061935E-7 2.482911E+4	1.176033E-11
11:35:26.656	-1.3E+2	-6.067772E-7 2.738658E+4	1.181857E-11
11:35:27.120	-1.3E+2	-6.068298E-7 2.179695E+4	1.171105E-11
11:35:27.584	-1.3E+2	-6.065622E-7 3.198217E+4	1.177791E-11
11:35:32.852	-1.4E+2	-6.144649E-7 3.258306E+4	1.174493E-11
11:35:33.314	-1.4E+2	-6.146309E-7 2.690661E+4	1.175401E-11
11:35:33.778	-1.4E+2	-6.144388E-7 2.69426E+4	1.167769E-11
11:35:34.243	-1.4E+2	-6.147417E-7 2.362737E+4	1.16909E-11
11:35:34.707	-1.4E+2	-6.144087E-7 2.863494E+4	1.165478E-11
11:35:39.974	-1.5E+2	-6.222371E-7 2.681381E+4	1.16517E-11
11:35:40.436	-1.5E+2	-6.221409E-7 1.874284E+4	1.162877E-11
11:35:40.900	-1.5E+2	-6.22428E-7 2.930089E+4	1.166303E-11
11:35:41.364	-1.5E+2	-6.218456E-7 2.485201E+4	1.170506E-11
11:35:41.828	-1.5E+2	-6.220051E-7 3.670832E+4	1.167481E-11
11:35:47.096	-1.6E+2	-6.295142E-7 2.333739E+4	1.171569E-11
11:35:47.558	-1.6E+2	-6.295739E-7 2.381684E+4	1.159738E-11
11:35:48.022	-1.6E+2	-6.296921E-7 2.670467E+4	1.172146E-11
11:35:48.486	-1.6E+2	-6.302114E-7 2.346696E+4	1.166332E-11
11:35:48.950	-1.6E+2	-6.304252E-7 2.773485E+4	1.164008E-11
11:35:54.218	-1.7E+2	-6.378332E-7 2.639494E+4	1.163419E-11
11:35:54.680	-1.7E+2	-6.382428E-7 2.499534E+4	1.165923E-11
11:35:55.145	-1.7E+2	-6.379972E-7 1.993582E+4	1.168321E-11
11:35:55.609	-1.7E+2	-6.384525E-7 3.077628E+4	1.16731E-11
11:35:56.073	-1.7E+2	-6.376884E-7 2.857654E+4	1.162129E-11
11:36:01.341	-1.8E+2	-6.477337E-7 3.717763E+4	1.169422E-11
11:36:01.803	-1.8E+2	-6.477389E-7 2.077409E+4	1.151722E-11
11:36:02.267	-1.8E+2	-6.47183E-7 2.93E+4	1.159345E-11
11:36:02.730	-1.8E+2	-6.470889E-7 2.317852E+4	1.157255E-11
11:36:03.195	-1.8E+2	-6.480257E-7 3.008892E+4	1.16221E-11
11:36:08.462	-1.9E+2	-6.59536E-7 3.236041E+4	1.155964E-11
11:36:08.923	-1.9E+2	-6.598837E-7 3.456353E+4	1.158877E-11
11:36:09.387	-1.9E+2	-6.597024E-7 3.15115E+4	1.153265E-11
11:36:09.852	-1.9E+2	-6.600878E-7 3.110826E+4	1.1541E-11
11:36:10.316	-1.9E+2	-6.597078E-7 2.681954E+4	1.158279E-11
11:36:15.583	-2E+2	-6.828911E-7 4.436224E+4	1.15314E-11
11:36:16.045	-2E+2	-6.8265E-7 3.513874E+4	1.157169E-11
11:36:16.509	-2E+2	-6.822648E-7 3.682454E+4	1.148323E-11
11:36:16.973	-2E+2	-6.821679E-7 4.499039E+4	1.160397E-11
11:36:17.437	-2E+2	-6.816755E-7 4.540211E+4	1.152578E-11