Diode44
CV Measurement
Measurement started at 12:19:08.820 24/01/2019 by Cameron(Kostas) on epllt004.ph.bham.ac.uk.

1.e12 1.6e11
Hardness
ISO7

KEITHLEY INSTRUMENTS INC.
MODEL 2410
4303081
C33   Mar 31 2015 09:32:39/A02  /J/M

WAYNE KERR
6530B
0
3.382

Wayne Kerr settings:
Function 1 - Resistance
Function 2 - Capacitance
Equivalent Circuit - Series
Measurement Frequency - 10000 Hz

Keithley Current Range: 105uA (Auto on)
Keithley Source Voltage Range: 1.1kV
Compliance Level: 30uA

Time/Date (HHMMSS.sss)	Voltage (V)	Current (A)	
12:19:08.820	0E+0	4.798778E-7 1.359742E+5	4.553046E-11
12:19:09.284	0E+0	4.796348E-7 1.373538E+5	4.49323E-11
12:19:09.747	0E+0	4.787979E-7 1.341759E+5	4.552142E-11
12:19:10.211	0E+0	4.795729E-7 1.345315E+5	4.556372E-11
12:19:10.675	0E+0	4.795886E-7 1.348348E+5	4.562224E-11
12:19:15.941	-1E+1	-6.691715E-8 2.199491E+4	1.907095E-11
12:19:16.405	-1E+1	-6.692596E-8 2.807692E+4	1.910545E-11
12:19:16.869	-1E+1	-6.645134E-8 2.361702E+4	1.910513E-11
12:19:17.333	-1E+1	-6.576617E-8 2.627816E+4	1.916095E-11
12:19:17.798	-1E+1	-6.625327E-8 2.301332E+4	1.910552E-11
12:19:23.064	-2E+1	-9.328936E-8 2.806177E+4	1.566467E-11
12:19:23.527	-2E+1	-9.353942E-8 2.456749E+4	1.565429E-11
12:19:23.992	-2E+1	-9.39075E-8 2.303158E+4	1.570122E-11
12:19:24.456	-2E+1	-9.45841E-8 2.466697E+4	1.571377E-11
12:19:24.920	-2E+1	-9.404886E-8 2.639492E+4	1.576076E-11
12:19:30.185	-3E+1	-1.156239E-7 2.821097E+4	1.410518E-11
12:19:30.649	-3E+1	-1.156454E-7 2.432939E+4	1.409726E-11
12:19:31.113	-3E+1	-1.152995E-7 2.525086E+4	1.414226E-11
12:19:31.577	-3E+1	-1.149678E-7 3.335674E+4	1.415472E-11
12:19:32.041	-3E+1	-1.15244E-7 2.10234E+4	1.415507E-11
12:19:37.306	-4E+1	-1.336767E-7 1.913835E+4	1.311888E-11
12:19:37.768	-4E+1	-1.338003E-7 1.833738E+4	1.311829E-11
12:19:38.232	-4E+1	-1.341418E-7 2.600914E+4	1.317055E-11
12:19:38.696	-4E+1	-1.343094E-7 1.914536E+4	1.318261E-11
12:19:39.161	-4E+1	-1.335165E-7 3.009345E+4	1.326283E-11
12:19:44.427	-5E+1	-1.508919E-7 1.878183E+4	1.250296E-11
12:19:44.890	-5E+1	-1.506628E-7 2.307769E+4	1.2501E-11
12:19:45.353	-5E+1	-1.505196E-7 2.761532E+4	1.244471E-11
12:19:45.818	-5E+1	-1.504714E-7 2.520991E+4	1.252513E-11
12:19:46.282	-5E+1	-1.509432E-7 3.155318E+4	1.239956E-11
12:19:51.547	-6E+1	-1.659311E-7 2.651223E+4	1.197683E-11
12:19:52.011	-6E+1	-1.662097E-7 1.942681E+4	1.195804E-11
12:19:52.475	-6E+1	-1.661925E-7 2.661591E+4	1.196196E-11
12:19:52.939	-6E+1	-1.655521E-7 2.116339E+4	1.19392E-11
12:19:53.403	-6E+1	-1.661005E-7 2.918117E+4	1.199044E-11
12:19:58.669	-7E+1	-1.803691E-7 2.420398E+4	1.15704E-11
12:19:59.133	-7E+1	-1.803333E-7 3.09266E+4	1.160744E-11
12:19:59.598	-7E+1	-1.801476E-7 3.777423E+4	1.163522E-11
12:20:00.062	-7E+1	-1.80274E-7 3.146967E+4	1.159262E-11
12:20:00.526	-7E+1	-1.796529E-7 3.458702E+4	1.160872E-11
12:20:05.790	-8E+1	-1.928231E-7 3.60805E+4	1.123695E-11
12:20:06.255	-8E+1	-1.932423E-7 1.991258E+4	1.127891E-11
12:20:06.720	-8E+1	-1.928284E-7 4.022501E+4	1.125021E-11
12:20:07.184	-8E+1	-1.936598E-7 2.508159E+4	1.122962E-11
12:20:07.648	-8E+1	-1.932646E-7 2.483057E+4	1.123233E-11
12:20:12.913	-9E+1	-2.053752E-7 2.819537E+4	1.101885E-11
12:20:13.377	-9E+1	-2.048776E-7 2.226771E+4	1.105072E-11
12:20:13.841	-9E+1	-2.043708E-7 1.642763E+4	1.10159E-11
12:20:14.305	-9E+1	-2.051267E-7 2.458382E+4	1.101221E-11
12:20:14.769	-9E+1	-2.047749E-7 3.286369E+4	1.094025E-11
12:20:20.035	-1E+2	-2.149138E-7 2.261141E+4	1.079746E-11
12:20:20.499	-1E+2	-2.147438E-7 3.533862E+4	1.074773E-11
12:20:20.963	-1E+2	-2.149581E-7 2.352472E+4	1.077186E-11
12:20:21.427	-1E+2	-2.148913E-7 3.258194E+4	1.074371E-11
12:20:21.891	-1E+2	-2.145046E-7 3.295812E+4	1.073168E-11
12:20:27.155	-1.1E+2	-2.228872E-7 2.418744E+4	1.058948E-11
12:20:27.620	-1.1E+2	-2.225382E-7 2.693259E+4	1.058807E-11
12:20:28.084	-1.1E+2	-2.230693E-7 3.005229E+4	1.060504E-11
12:20:28.548	-1.1E+2	-2.228766E-7 2.685064E+4	1.059903E-11
12:20:29.012	-1.1E+2	-2.224369E-7 3.530033E+4	1.060736E-11
12:20:34.278	-1.2E+2	-2.279085E-7 2.457177E+4	1.049567E-11
12:20:34.741	-1.2E+2	-2.284367E-7 2.231355E+4	1.053226E-11
12:20:35.204	-1.2E+2	-2.286798E-7 2.092552E+4	1.053999E-11
12:20:35.668	-1.2E+2	-2.287257E-7 1.534204E+4	1.04971E-11
12:20:36.132	-1.2E+2	-2.283495E-7 2.131345E+4	1.048483E-11
12:20:41.397	-1.3E+2	-2.330733E-7 2.049375E+4	1.049574E-11
12:20:41.861	-1.3E+2	-2.322545E-7 1.961969E+4	1.045682E-11
12:20:42.325	-1.3E+2	-2.325032E-7 1.715239E+4	1.052983E-11
12:20:42.789	-1.3E+2	-2.325717E-7 1.876925E+4	1.04136E-11
12:20:43.253	-1.3E+2	-2.326412E-7 2.348936E+4	1.047108E-11
12:20:48.520	-1.4E+2	-2.364869E-7 1.853595E+4	1.041978E-11
12:20:48.982	-1.4E+2	-2.365694E-7 3.048056E+4	1.033756E-11
12:20:49.446	-1.4E+2	-2.360785E-7 1.908064E+4	1.044062E-11
12:20:49.910	-1.4E+2	-2.359092E-7 1.690644E+4	1.047905E-11
12:20:50.375	-1.4E+2	-2.361336E-7 1.46706E+4	1.039325E-11
12:20:55.640	-1.5E+2	-2.392453E-7 9.502896E+3	1.044906E-11
12:20:56.103	-1.5E+2	-2.39224E-7 2.113019E+4	1.037449E-11
12:20:56.567	-1.5E+2	-2.393032E-7 2.899806E+4	1.035777E-11
12:20:57.030	-1.5E+2	-2.395592E-7 1.393356E+4	1.03874E-11
12:20:57.495	-1.5E+2	-2.391263E-7 2.507939E+4	1.037575E-11
12:21:02.762	-1.6E+2	-2.420607E-7 1.936677E+4	1.037714E-11
12:21:03.224	-1.6E+2	-2.420282E-7 1.514045E+4	1.039293E-11
12:21:03.689	-1.6E+2	-2.417895E-7 2.273914E+4	1.03576E-11
12:21:04.153	-1.6E+2	-2.421411E-7 2.562869E+4	1.039884E-11
12:21:04.617	-1.6E+2	-2.424991E-7 2.922571E+4	1.033213E-11
12:21:09.884	-1.7E+2	-2.450728E-7 2.343915E+4	1.036851E-11
12:21:10.345	-1.7E+2	-2.448362E-7 1.804946E+4	1.034233E-11
12:21:10.810	-1.7E+2	-2.450117E-7 2.678011E+4	1.035381E-11
12:21:11.274	-1.7E+2	-2.44501E-7 2.140777E+4	1.026648E-11
12:21:11.738	-1.7E+2	-2.452064E-7 2.219895E+4	1.03248E-11
12:21:17.006	-1.8E+2	-2.480433E-7 2.701112E+4	1.029491E-11
12:21:17.467	-1.8E+2	-2.477734E-7 2.0599E+4	1.030951E-11
12:21:17.931	-1.8E+2	-2.47858E-7 2.028152E+4	1.031499E-11
12:21:18.396	-1.8E+2	-2.475132E-7 2.675471E+4	1.027975E-11
12:21:18.860	-1.8E+2	-2.47363E-7 1.403312E+4	1.032436E-11
12:21:24.127	-1.9E+2	-2.503353E-7 2.306801E+4	1.025296E-11
12:21:24.589	-1.9E+2	-2.502737E-7 2.419588E+4	1.022933E-11
12:21:25.053	-1.9E+2	-2.506146E-7 2.530665E+4	1.03149E-11
12:21:25.518	-1.9E+2	-2.501824E-7 2.080519E+4	1.029931E-11
12:21:25.981	-1.9E+2	-2.503624E-7 1.882866E+4	1.022791E-11
12:21:31.249	-2E+2	-2.529016E-7 2.232111E+4	1.026136E-11
12:21:31.711	-2E+2	-2.526303E-7 1.754323E+4	1.027871E-11
12:21:32.175	-2E+2	-2.531471E-7 1.852496E+4	1.026603E-11
12:21:32.639	-2E+2	-2.530115E-7 2.334127E+4	1.022863E-11
12:21:33.102	-2E+2	-2.532086E-7 1.365678E+4	1.023954E-11