Diode47
CV Measurement
Measurement started at 12:38:10.428 24/01/2019 by Cameron(Kostas) on epllt004.ph.bham.ac.uk.

1.56e11 3.4e10
Hardness
ISO7

KEITHLEY INSTRUMENTS INC.
MODEL 2410
4303081
C33   Mar 31 2015 09:32:39/A02  /J/M

WAYNE KERR
6530B
0
3.382

Wayne Kerr settings:
Function 1 - Resistance
Function 2 - Capacitance
Equivalent Circuit - Series
Measurement Frequency - 10000 Hz

Keithley Current Range: 105uA (Auto on)
Keithley Source Voltage Range: 1.1kV
Compliance Level: 30uA

Time/Date (HHMMSS.sss)	Voltage (V)	Current (A)	
12:38:10.428	0E+0	4.657915E-7 8.048553E+4	4.966611E-11
12:38:10.890	0E+0	4.661578E-7 8.113582E+4	4.969071E-11
12:38:11.354	0E+0	4.65838E-7 8.116912E+4	4.965043E-11
12:38:11.818	0E+0	4.660403E-7 8.096186E+4	4.961344E-11
12:38:12.282	0E+0	4.660595E-7 7.971073E+4	4.962699E-11
12:38:17.548	-1E+1	-1.051132E-8 1.110804E+4	2.047893E-11
12:38:18.011	-1E+1	-1.044465E-8 1.141501E+4	2.040044E-11
12:38:18.475	-1E+1	-9.867994E-9 1.116209E+4	2.04249E-11
12:38:18.939	-1E+1	-9.940896E-9 1.070646E+4	2.037533E-11
12:38:19.404	-1E+1	-1.028372E-8 1.008414E+4	2.047024E-11
12:38:24.670	-2E+1	-1.479994E-8 1.514945E+4	1.674742E-11
12:38:25.133	-2E+1	-1.480333E-8 1.241697E+4	1.672084E-11
12:38:25.597	-2E+1	-1.457631E-8 1.230899E+4	1.676965E-11
12:38:26.061	-2E+1	-1.431687E-8 1.350404E+4	1.682571E-11
12:38:26.525	-2E+1	-1.451654E-8 1.167523E+4	1.678393E-11
12:38:31.791	-3E+1	-1.84407E-8 1.679394E+4	1.512615E-11
12:38:32.254	-3E+1	-1.833866E-8 1.444589E+4	1.507868E-11
12:38:32.718	-3E+1	-1.816964E-8 1.554951E+4	1.507836E-11
12:38:33.182	-3E+1	-1.771866E-8 1.556626E+4	1.503693E-11
12:38:33.646	-3E+1	-1.778979E-8 1.621381E+4	1.508592E-11
12:38:38.912	-4E+1	-2.114394E-8 1.621072E+4	1.404521E-11
12:38:39.376	-4E+1	-2.104743E-8 2.146821E+4	1.405682E-11
12:38:39.840	-4E+1	-2.076702E-8 1.688598E+4	1.405613E-11
12:38:40.304	-4E+1	-2.058629E-8 1.753418E+4	1.405461E-11
12:38:40.768	-4E+1	-2.112165E-8 1.69336E+4	1.401771E-11
12:38:46.036	-5E+1	-2.356862E-8 1.800633E+4	1.341345E-11
12:38:46.497	-5E+1	-2.332922E-8 1.832872E+4	1.335132E-11
12:38:46.961	-5E+1	-2.305964E-8 2.125393E+4	1.339358E-11
12:38:47.425	-5E+1	-2.362302E-8 1.872638E+4	1.334982E-11
12:38:47.889	-5E+1	-2.376442E-8 1.875205E+4	1.33619E-11
12:38:53.155	-6E+1	-2.600427E-8 2.006702E+4	1.281728E-11
12:38:53.618	-6E+1	-2.612742E-8 2.034481E+4	1.281555E-11
12:38:54.083	-6E+1	-2.634034E-8 2.412707E+4	1.286742E-11
12:38:54.547	-6E+1	-2.627157E-8 1.893214E+4	1.283674E-11
12:38:55.011	-6E+1	-2.584838E-8 2.11793E+4	1.289074E-11
12:39:00.277	-7E+1	-2.846415E-8 1.74741E+4	1.242045E-11
12:39:00.740	-7E+1	-2.834843E-8 2.021851E+4	1.245582E-11
12:39:01.203	-7E+1	-2.818279E-8 2.136181E+4	1.244955E-11
12:39:01.668	-7E+1	-2.816939E-8 2.49861E+4	1.249927E-11
12:39:02.132	-7E+1	-2.843152E-8 2.225606E+4	1.244464E-11
12:39:07.399	-8E+1	-3.013521E-8 2.228581E+4	1.215367E-11
12:39:07.861	-8E+1	-2.994224E-8 1.284559E+4	1.205934E-11
12:39:08.325	-8E+1	-3.043209E-8 2.631791E+4	1.209965E-11
12:39:08.789	-8E+1	-2.98576E-8 2.179969E+4	1.209485E-11
12:39:09.253	-8E+1	-3.036984E-8 2.513812E+4	1.208701E-11
12:39:14.520	-9E+1	-3.190905E-8 2.080021E+4	1.180232E-11
12:39:14.983	-9E+1	-3.199548E-8 2.359998E+4	1.185418E-11
12:39:15.447	-9E+1	-3.227844E-8 1.602765E+4	1.179635E-11
12:39:15.910	-9E+1	-3.212637E-8 1.984521E+4	1.186151E-11
12:39:16.375	-9E+1	-3.226764E-8 3.023989E+4	1.185414E-11
12:39:21.642	-1E+2	-3.382967E-8 2.375852E+4	1.156E-11
12:39:22.104	-1E+2	-3.371461E-8 2.308217E+4	1.162754E-11
12:39:22.568	-1E+2	-3.408349E-8 2.294778E+4	1.165095E-11
12:39:23.032	-1E+2	-3.367874E-8 2.259189E+4	1.160554E-11
12:39:23.496	-1E+2	-3.403668E-8 1.823414E+4	1.158936E-11
12:39:28.764	-1.1E+2	-3.544727E-8 2.46544E+4	1.144853E-11
12:39:29.226	-1.1E+2	-3.551132E-8 2.550498E+4	1.138987E-11
12:39:29.690	-1.1E+2	-3.537801E-8 1.896633E+4	1.137489E-11
12:39:30.154	-1.1E+2	-3.55187E-8 1.908746E+4	1.139682E-11
12:39:30.617	-1.1E+2	-3.528543E-8 1.831164E+4	1.139889E-11
12:39:35.884	-1.2E+2	-3.685206E-8 2.307402E+4	1.131933E-11
12:39:36.347	-1.2E+2	-3.665044E-8 2.335379E+4	1.128667E-11
12:39:36.811	-1.2E+2	-3.687455E-8 1.645846E+4	1.124439E-11
12:39:37.274	-1.2E+2	-3.688707E-8 1.791225E+4	1.122279E-11
12:39:37.738	-1.2E+2	-3.682626E-8 2.249512E+4	1.126907E-11
12:39:43.006	-1.3E+2	-3.760932E-8 2.119223E+4	1.11669E-11
12:39:43.468	-1.3E+2	-3.785952E-8 2.315184E+4	1.115821E-11
12:39:43.932	-1.3E+2	-3.816413E-8 2.523735E+4	1.111835E-11
12:39:44.396	-1.3E+2	-3.817847E-8 1.59284E+4	1.113739E-11
12:39:44.860	-1.3E+2	-3.794557E-8 2.414777E+4	1.116684E-11
12:39:50.127	-1.4E+2	-3.877707E-8 2.66958E+4	1.109104E-11
12:39:50.590	-1.4E+2	-3.872735E-8 2.003372E+4	1.104871E-11
12:39:51.053	-1.4E+2	-3.92696E-8 2.051807E+4	1.104308E-11
12:39:51.517	-1.4E+2	-3.87456E-8 2.462896E+4	1.109233E-11
12:39:51.981	-1.4E+2	-3.906825E-8 1.716886E+4	1.104281E-11
12:39:57.249	-1.5E+2	-3.985498E-8 2.026127E+4	1.10367E-11
12:39:57.711	-1.5E+2	-4.01308E-8 2.463382E+4	1.108161E-11
12:39:58.175	-1.5E+2	-3.953825E-8 2.485549E+4	1.104691E-11
12:39:58.639	-1.5E+2	-4.003811E-8 2.022004E+4	1.101831E-11
12:39:59.103	-1.5E+2	-3.965172E-8 2.306584E+4	1.098054E-11
12:40:04.370	-1.6E+2	-4.080109E-8 2.546983E+4	1.102273E-11
12:40:04.833	-1.6E+2	-4.053885E-8 2.816072E+4	1.09957E-11
12:40:05.297	-1.6E+2	-4.025279E-8 3.114562E+4	1.097792E-11
12:40:05.762	-1.6E+2	-4.032058E-8 3.076692E+4	1.098361E-11
12:40:06.226	-1.6E+2	-4.046391E-8 2.571531E+4	1.098012E-11
12:40:11.492	-1.7E+2	-4.067516E-8 1.866023E+4	1.100982E-11
12:40:11.953	-1.7E+2	-4.090192E-8 1.96619E+4	1.100167E-11
12:40:12.418	-1.7E+2	-4.061502E-8 2.531669E+4	1.093159E-11
12:40:12.882	-1.7E+2	-4.138338E-8 1.982501E+4	1.090602E-11
12:40:13.346	-1.7E+2	-4.089844E-8 2.095752E+4	1.093536E-11
12:40:18.614	-1.8E+2	-4.179288E-8 1.947214E+4	1.098353E-11
12:40:19.075	-1.8E+2	-4.143344E-8 2.329003E+4	1.094498E-11
12:40:19.540	-1.8E+2	-4.220583E-8 2.039521E+4	1.096402E-11
12:40:20.004	-1.8E+2	-4.105398E-8 1.729163E+4	1.093682E-11
12:40:20.468	-1.8E+2	-4.147715E-8 2.253776E+4	1.091032E-11
12:40:25.736	-1.9E+2	-4.270002E-8 2.436155E+4	1.0927E-11
12:40:26.198	-1.9E+2	-4.289318E-8 3.241171E+4	1.090796E-11
12:40:26.662	-1.9E+2	-4.230622E-8 2.282916E+4	1.090057E-11
12:40:27.126	-1.9E+2	-4.223321E-8 3.402393E+4	1.085931E-11
12:40:27.590	-1.9E+2	-4.251988E-8 2.024201E+4	1.097252E-11
12:40:32.857	-2E+2	-4.453802E-8 2.873892E+4	1.087633E-11
12:40:33.319	-2E+2	-4.457503E-8 2.802703E+4	1.086826E-11
12:40:33.783	-2E+2	-4.464847E-8 1.835415E+4	1.08962E-11
12:40:34.247	-2E+2	-4.46082E-8 2.776091E+4	1.093086E-11
12:40:34.711	-2E+2	-4.507643E-8 2.649987E+4	1.089367E-11