Diode26
CV Measurement
Measurement started at 11:00:20.155 23/01/2019 by Cameron(Kostas) on epllt004.ph.bham.ac.uk.

5.79e11 1.e11
Hardness
ISO7

KEITHLEY INSTRUMENTS INC.
MODEL 2410
4303081
C33   Mar 31 2015 09:32:39/A02  /J/M

WAYNE KERR
6530B
0
3.382

Wayne Kerr settings:
Function 1 - Resistance
Function 2 - Capacitance
Equivalent Circuit - Series
Measurement Frequency - 10000 Hz

Keithley Current Range: 1.05uA (Auto on)
Keithley Source Voltage Range: 1.1kV
Compliance Level: 50uA

Time/Date (HHMMSS.sss)	Voltage (V)	Current (A)	
11:00:20.155	0E+0	4.784135E-7 1.086917E+5	4.762456E-11
11:00:20.622	0E+0	4.788729E-7 1.087024E+5	4.757569E-11
11:00:21.085	0E+0	4.786042E-7 1.091579E+5	4.759808E-11
11:00:21.549	0E+0	4.785462E-7 1.102319E+5	4.758474E-11
11:00:22.013	0E+0	4.783233E-7 1.097162E+5	4.768343E-11
11:00:27.279	-1E+1	-3.152823E-8 1.601815E+4	1.972327E-11
11:00:27.742	-1E+1	-3.189493E-8 1.976392E+4	1.962193E-11
11:00:28.207	-1E+1	-3.145525E-8 2.098186E+4	1.968289E-11
11:00:28.671	-1E+1	-3.160546E-8 1.813349E+4	1.971977E-11
11:00:29.135	-1E+1	-3.216378E-8 1.814286E+4	1.972919E-11
11:00:34.402	-2E+1	-4.586327E-8 1.871734E+4	1.637454E-11
11:00:34.864	-2E+1	-4.545399E-8 1.237205E+4	1.627653E-11
11:00:35.328	-2E+1	-4.589834E-8 2.106615E+4	1.635795E-11
11:00:35.792	-2E+1	-4.535086E-8 1.598303E+4	1.629532E-11
11:00:36.256	-2E+1	-4.514844E-8 2.031476E+4	1.633127E-11
11:00:41.523	-3E+1	-5.586932E-8 2.245327E+4	1.475183E-11
11:00:41.986	-3E+1	-5.578612E-8 1.091505E+4	1.472351E-11
11:00:42.450	-3E+1	-5.589831E-8 2.240185E+4	1.487367E-11
11:00:42.914	-3E+1	-5.590459E-8 2.286908E+4	1.476644E-11
11:00:43.378	-3E+1	-5.598637E-8 1.737548E+4	1.478311E-11
11:00:48.645	-4E+1	-6.530803E-8 2.415004E+4	1.383943E-11
11:00:49.108	-4E+1	-6.486626E-8 2.361836E+4	1.385335E-11
11:00:49.571	-4E+1	-6.525633E-8 2.346741E+4	1.392796E-11
11:00:50.035	-4E+1	-6.568918E-8 2.422472E+4	1.381029E-11
11:00:50.500	-4E+1	-6.503469E-8 2.193732E+4	1.391233E-11
11:00:55.766	-5E+1	-7.300857E-8 2.641063E+4	1.319545E-11
11:00:56.229	-5E+1	-7.298725E-8 2.377626E+4	1.317925E-11
11:00:56.693	-5E+1	-7.334813E-8 2.691524E+4	1.320863E-11
11:00:57.158	-5E+1	-7.337986E-8 2.621395E+4	1.319781E-11
11:00:57.622	-5E+1	-7.286546E-8 2.373625E+4	1.317048E-11
11:01:02.888	-6E+1	-8.070485E-8 2.673886E+4	1.267267E-11
11:01:03.351	-6E+1	-8.050343E-8 3.102421E+4	1.265879E-11
11:01:03.815	-6E+1	-8.089946E-8 2.027995E+4	1.271137E-11
11:01:04.280	-6E+1	-8.085903E-8 2.262642E+4	1.276684E-11
11:01:04.744	-6E+1	-8.072405E-8 2.243906E+4	1.271827E-11
11:01:10.010	-7E+1	-8.727763E-8 3.11736E+4	1.231725E-11
11:01:10.473	-7E+1	-8.747487E-8 3.370892E+4	1.236699E-11
11:01:10.938	-7E+1	-8.80538E-8 3.29591E+4	1.232026E-11
11:01:11.401	-7E+1	-8.781577E-8 2.590472E+4	1.230773E-11
11:01:11.865	-7E+1	-8.722741E-8 3.928105E+4	1.230148E-11
11:01:17.131	-8E+1	-9.388376E-8 2.718652E+4	1.198617E-11
11:01:17.594	-8E+1	-9.364603E-8 3.441522E+4	1.200653E-11
11:01:18.058	-8E+1	-9.3859E-8 3.74909E+4	1.192707E-11
11:01:18.522	-8E+1	-9.350364E-8 2.899558E+4	1.205791E-11
11:01:18.987	-8E+1	-9.366155E-8 1.635677E+4	1.203973E-11
11:01:24.253	-9E+1	-9.921976E-8 2.420971E+4	1.172986E-11
11:01:24.717	-9E+1	-9.94674E-8 2.657796E+4	1.181284E-11
11:01:25.180	-9E+1	-9.971365E-8 3.038104E+4	1.175509E-11
11:01:25.645	-9E+1	-9.93665E-8 2.226547E+4	1.177866E-11
11:01:26.109	-9E+1	-9.93552E-8 3.046731E+4	1.169599E-11
11:01:31.377	-1E+2	-1.040531E-7 1.923076E+4	1.156158E-11
11:01:31.839	-1E+2	-1.041401E-7 2.846507E+4	1.153478E-11
11:01:32.303	-1E+2	-1.039881E-7 3.018124E+4	1.150532E-11
11:01:32.767	-1E+2	-1.045748E-7 3.00245E+4	1.155669E-11
11:01:33.231	-1E+2	-1.044896E-7 2.860768E+4	1.153655E-11
11:01:38.497	-1.1E+2	-1.080795E-7 2.419558E+4	1.141161E-11
11:01:38.960	-1.1E+2	-1.085027E-7 2.489789E+4	1.127706E-11
11:01:39.424	-1.1E+2	-1.083621E-7 2.307977E+4	1.14064E-11
11:01:39.888	-1.1E+2	-1.077165E-7 2.564191E+4	1.133444E-11
11:01:40.353	-1.1E+2	-1.082477E-7 2.445133E+4	1.131693E-11
11:01:45.621	-1.2E+2	-1.112708E-7 2.473075E+4	1.133485E-11
11:01:46.082	-1.2E+2	-1.114595E-7 1.650272E+4	1.122993E-11
11:01:46.545	-1.2E+2	-1.116573E-7 2.461041E+4	1.128479E-11
11:01:47.010	-1.2E+2	-1.111187E-7 3.11777E+4	1.127014E-11
11:01:47.474	-1.2E+2	-1.108499E-7 2.714109E+4	1.126326E-11
11:01:52.741	-1.3E+2	-1.13585E-7 2.328183E+4	1.126318E-11
11:01:53.203	-1.3E+2	-1.135144E-7 3.06482E+4	1.126128E-11
11:01:53.667	-1.3E+2	-1.13192E-7 2.301175E+4	1.11836E-11
11:01:54.131	-1.3E+2	-1.135753E-7 1.878392E+4	1.117394E-11
11:01:54.596	-1.3E+2	-1.137984E-7 2.310776E+4	1.118685E-11
11:01:59.863	-1.4E+2	-1.153382E-7 2.460878E+4	1.119668E-11
11:02:00.326	-1.4E+2	-1.152738E-7 3.377917E+4	1.122529E-11
11:02:00.790	-1.4E+2	-1.1497E-7 2.998855E+4	1.109169E-11
11:02:01.255	-1.4E+2	-1.151399E-7 3.113618E+4	1.116751E-11
11:02:01.719	-1.4E+2	-1.155103E-7 3.40616E+4	1.111227E-11
11:02:06.987	-1.5E+2	-1.170802E-7 2.529581E+4	1.121932E-11
11:02:07.448	-1.5E+2	-1.174299E-7 3.037629E+4	1.114652E-11
11:02:07.912	-1.5E+2	-1.168724E-7 3.552897E+4	1.124234E-11
11:02:08.376	-1.5E+2	-1.164159E-7 3.525271E+4	1.115428E-11
11:02:08.840	-1.5E+2	-1.167779E-7 2.207166E+4	1.107764E-11
11:02:14.108	-1.6E+2	-1.184015E-7 2.516142E+4	1.11378E-11
11:02:14.571	-1.6E+2	-1.186687E-7 2.8943E+4	1.109721E-11
11:02:15.034	-1.6E+2	-1.185621E-7 1.756368E+4	1.12198E-11
11:02:15.498	-1.6E+2	-1.184084E-7 3.356462E+4	1.116493E-11
11:02:15.962	-1.6E+2	-1.182077E-7 3.09321E+4	1.116253E-11
11:02:21.229	-1.7E+2	-1.193099E-7 3.303032E+4	1.105521E-11
11:02:21.692	-1.7E+2	-1.194668E-7 3.203889E+4	1.102424E-11
11:02:22.157	-1.7E+2	-1.199664E-7 2.702039E+4	1.107117E-11
11:02:22.621	-1.7E+2	-1.205121E-7 2.83282E+4	1.10807E-11
11:02:23.084	-1.7E+2	-1.200796E-7 2.722954E+4	1.114487E-11
11:02:28.352	-1.8E+2	-1.212394E-7 2.579426E+4	1.101383E-11
11:02:28.814	-1.8E+2	-1.213936E-7 3.24614E+4	1.106906E-11
11:02:29.278	-1.8E+2	-1.209373E-7 3.289237E+4	1.104908E-11
11:02:29.742	-1.8E+2	-1.221002E-7 3.459836E+4	1.101485E-11
11:02:30.206	-1.8E+2	-1.217771E-7 3.089856E+4	1.096522E-11
11:02:35.472	-1.9E+2	-1.244486E-7 2.632464E+4	1.096626E-11
11:02:35.935	-1.9E+2	-1.24091E-7 2.72512E+4	1.100066E-11
11:02:36.399	-1.9E+2	-1.238536E-7 3.09131E+4	1.095578E-11
11:02:36.863	-1.9E+2	-1.238185E-7 2.97707E+4	1.096664E-11
11:02:37.328	-1.9E+2	-1.238141E-7 2.66777E+4	1.097781E-11
11:02:42.596	-2E+2	-1.300046E-7 3.675285E+4	1.085052E-11
11:02:43.057	-2E+2	-1.303008E-7 3.06215E+4	1.092337E-11
11:02:43.521	-2E+2	-1.300068E-7 2.560372E+4	1.100847E-11
11:02:43.985	-2E+2	-1.301021E-7 3.404642E+4	1.101162E-11
11:02:44.449	-2E+2	-1.298589E-7 2.635713E+4	1.100333E-11